123 5124 1634 34121 6134 1234 643 254 234 7624
23421 5 34 345 634 534 235 534 534 6754
12 123 412 312 534 54 265 34 23 4512
1534 25 4275 2354 254 5234 542 6254 546 6354
124 524 65 4256 54 534 1234 5634 3456 65
5 6 6345 63 6354 534 54 765 7456 76
76 5745 67546 7456 7456 7456 754 23 42534 13412
12341 134 4213 142 3412 32154 31243 4123 4213 4123
24 1243 4213 4123 4123 214 3432 42 3423 423
423 125 423 1234 412 32143 421 3421 412 32413 

123 5124 1634 34121 6134 1234 643 254 234 7624
23421 5 34 345 634 534 235 534 534 6754
12 123 412 312 534 54 265 34 23 4512
1534 25 4275 2354 254 5234 542 6254 546 6354
124 524 65 4256 54 534 1234 5634 3456 65
5 6 6345 63 6354 534 54 765 7456 76
76 5745 67546 7456 7456 7456 754 23 42534 13412
12341 134 4213 142 3412 32154 31243 4123 4213 4123
24 1243 4213 4123 4123 214 3432 42 3423 423
423 125 423 1234 412 32143 421 3421 412 32413


